artifact_uri: /Users/ignat/Documents/Bering/Projects/lab/examples/labrun/7076dd6f-a819-41ec-8881-8308041dfab7
end_time: 2018-08-26 16:35:13.881541
experiment_uuid: 7076dd6f-a819-41ec-8881-8308041dfab7
start_time: 2018-08-26 16:35:13.872001
user_id: ignat
